City Of Spencer                                                                                                            Page:  1
Gross Wage Report
10/01/2003 thru 12/31/2003
Emp #      Name                   Gross Pay   FedGross     FedTax   SocGross     SocTax   MedGross     MedTax        EIC     StaTax
-----------------------------------------------------------------------------------------------------------------------------------
29         ADCOCK, BONNIE            200.00     200.00       0.00     200.00      12.40     200.00       2.90       0.00       0.00
28         BOYD, JANNA C             175.00     175.00       0.00     175.00      10.85     175.00       2.53       0.00       0.00
17         BRYMER, PHILLIP          6651.05    6318.50     716.98    6651.05     412.39    6651.05      96.47       0.00       0.00
13         CARTER, EDDIE D          6076.00    5772.20     361.83    6076.00     376.74    6076.00      88.13       0.00       0.00
9          CRAIN, TERRY              450.00     450.00      15.00     450.00      27.90     450.00       6.51       0.00       0.00
38         DISHMAN, KELLY           4711.87    4476.27     232.25    4711.87     292.14    4711.87      68.32       0.00       0.00
41         FARRIS, JEFFERY M.       1440.00    1440.00      58.62    1440.00      89.28    1440.00      20.88       0.00       0.00
7          GUY, SHARON               200.00     200.00       0.00     200.00      12.40     200.00       2.90       0.00       0.00
26         HALE, GREGORY JASON      7773.06    7384.42     697.10    7773.06     481.94    7773.06     112.72       0.00       0.00
36         HANKINS, JASON C         5097.20    4842.33     268.85    5097.20     316.02    5097.20      73.90       0.00       0.00
6          HILLIS, ZEDA             8953.29    8330.63     740.36    8843.74     548.31    8843.74     128.24       0.00       0.00
40         HOWARD, THOMAS D         3657.19    3474.33     352.48    3657.19     226.75    3657.19      53.03       0.00       0.00
21         MEASLES, VIVIAN          5654.19    5196.48     273.49    5531.76     342.98    5531.76      80.22       0.00       0.00
37         MOODY , JR, WILLIAM R    3042.20    2890.10     139.57    3042.20     188.61    3042.20      44.11       0.00       0.00
33         MOONEYHAM, LARRY          218.40     218.40      10.00     218.40      13.54     218.40       3.17       0.00       0.00
34         MOONEYHAM, JATHAN A.     4989.39    4739.92     509.07    4989.39     309.34    4989.39      72.34       0.00       0.00
42         MOONEYHAM, J. CHAD       1190.63    1131.10     111.97    1190.63      73.82    1190.63      17.27       0.00       0.00
25         RIGSBY, BENNY  E.        1872.61    1872.61     185.93    1872.61     116.12    1872.61      27.17       0.00       0.00
10         SIMMONS, MABLE R         7300.50    6935.46     928.61    7232.95     448.45    7232.95     104.89       0.00       0.00
39         SMITH, PERRY LAYTON      4265.64    4052.37      31.93    4265.64     264.47    4265.64      61.85       0.00       0.00
22         SOLOMON, FREDDY A         200.00     200.00       0.00     200.00      12.40     200.00       2.90       0.00       0.00
23         STOUT, VIVIAN E           175.00     175.00       0.00     175.00      10.85     175.00       2.53       0.00       0.00
15         WALLING, R. KYLE         2878.67    2684.74     271.75    2878.67     178.47    2878.67      41.74       0.00       0.00
-----------------------------------------------------------------------------------------------------------------------------------
                   Totals:         77171.89   73159.86    5905.79   76872.36    4766.17   76872.36    1114.72       0.00       0.00


